                         
    657565432554154262666
1427447547433176615425611
5326372455326314242117555
7464314575177115144232765
7766765522721361357565114
3224647752572164257113362
5557745111617763226327444
7665761212424775231542637
3771557552212363331772161
4432121747622674613465465
1676425125216216631213434
6125755545425361434756514
7124465545253543476316445
3437724717353646527143565
5717365226277635571256325
6552274653161427241175461
1537677677777766666766767
7776676766677677777777777
7777777777777777777666666
6666666666666888888888888
8888888888888888888888888
8888888888888888888888888
8888888888888888888899999
9999999999999999999999999
9999A99AAAA99AA9999A9999A
AA9AA9AA999AA999999